3-D Truss analysis
------------------

Date: 25-Nov-2016 18:43:06

Input file: Team1Input.inp

Joints:         Joint-id  x-coordinate y-coordinate z-coordinate
                1         0.00         0.00         0.00
                2         0.28         0.00         0.00
                3         0.56         0.00         0.00
                4         0.84         0.00         0.00
                5         1.12         0.00         0.00
                6         0.14         0.00         0.18
                7         0.42         0.00         0.18
                8         0.70         0.00         0.18
                9         0.98         0.00         0.18
               10         0.00         0.18         0.00
               11         0.28         0.18         0.00
               12         0.56         0.18         0.00
               13         0.84         0.18         0.00
               14         1.12         0.18         0.00
               15         0.14         0.18         0.18
               16         0.42         0.18         0.18
               17         0.70         0.18         0.18
               18         0.98         0.18         0.18
               19         1.25        -0.05         0.00
               20         1.25         0.23         0.00


Bars:           Bar-id    Joint-i      Joint-j       Force    (T,C)
                1         1            2          2.494     (T)
                2         2            3          4.337     (T)
                3         3            4          3.570     (T)
                4         4            5          2.593     (T)
                5         6            7          2.177     (C)
                6         7            8          2.712     (C)
                7         8            9          2.520     (C)
                8        10           11          0.155     (C)
                9        11           12          2.267     (T)
               10        12           13          2.623     (T)
               11        13           14          2.222     (T)
               12        15           16          2.228     (C)
               13        16           17          2.943     (C)
               14        17           18          3.137     (C)
               15         1            6          1.976     (C)
               16         6            2          1.615     (T)
               17         2            7          0.892     (C)
               18         7            3          0.522     (T)
               19         3            8          0.078     (T)
               20         8            4          0.593     (C)
               21         4            9          1.020     (T)
               22         9            5          0.421     (T)
               23        10           15          2.056     (C)
               24        15           11          1.619     (T)
               25        11           16          1.023     (C)
               26        16           12          0.508     (T)
               27        12           17          0.077     (C)
               28        17           13          0.292     (C)
               29        13           18          1.185     (T)
               30        18           14          0.675     (T)
               31         1           10          1.404     (T)
               32         2           11          0.137     (T)
               33         3           12          0.000     (C)
               34         4           13          0.000     (C)
               35         5           14          1.175     (T)
               36         6           15          0.000     (C)
               37         7           16          0.137     (T)
               38         8           17          0.137     (T)
               39         9           18          0.175     (C)
               40         1           11          0.357     (T)
               41        11            3          0.615     (C)
               42         3           13          0.613     (T)
               43        13            5          0.356     (C)
               44        19            5          2.731     (T)
               45        19            9          2.442     (C)
               46        19           20          0.308     (C)
               47        20           18          3.020     (C)
               48        20           14          2.657     (T)
               49         1           15          0.000     (T)
               50        14            9          0.330     (C)
               51        16            8          0.256     (C)
               52        19           18          0.524     (C)
               53         2           17          0.380     (C)
               54        13            7          0.380     (C)

Reactions:      Joint-id  Uvec-x       Uvec-y      Uvec-z    Force
                1         0.00         0.00         1.00        1.930
               10         0.00         0.00         1.00        1.866
                1         0.71         0.71         0.00       -2.256
               10         0.71         0.71         0.00        1.986
               19         0.10         0.00         1.00        1.923
               20         0.00         0.10         1.00        1.923
